15 0.362500 0.471484 0.193750 0.152344
15 0.346875 0.281250 0.193750 0.181250
15 0.780469 0.430469 0.264062 0.189062
15 0.519531 0.196875 0.195312 0.150000
15 0.236719 0.710547 0.239063 0.167969
15 0.100000 0.558594 0.200000 0.173437
15 0.089844 0.329297 0.179688 0.177344
15 0.160938 0.204687 0.181250 0.143750
15 0.581250 0.502734 0.162500 0.167969
15 0.737109 0.153516 0.261719 0.128906
15 0.871875 0.053906 0.256250 0.107813
15 0.727734 0.880859 0.302344 0.186719
15 0.654687 0.696484 0.221875 0.136719
15 0.836719 0.648438 0.201563 0.156250
15 0.249219 0.867578 0.248438 0.144531
15 0.467969 0.784375 0.223438 0.156250
15 0.122656 0.056250 0.210938 0.112500
