15 0.806641 0.407422 0.128906 0.205469
15 0.258203 0.264844 0.207031 0.273438
15 0.385156 0.676172 0.151562 0.283594
15 0.544531 0.678125 0.170313 0.178125
15 0.707812 0.710938 0.184375 0.240625
15 0.874219 0.694531 0.179688 0.257812
15 0.623828 0.193750 0.138281 0.215625
15 0.530859 0.483203 0.174219 0.225781
15 0.295703 0.497266 0.188281 0.210156
15 0.090234 0.404687 0.152344 0.293750
15 0.220703 0.828906 0.225781 0.292187
15 0.460156 0.884375 0.195312 0.231250
15 0.644922 0.907422 0.189844 0.183594
15 0.779297 0.889453 0.096094 0.178906
15 0.825391 0.155078 0.091406 0.160156
15 0.688281 0.140234 0.179688 0.186719
15 0.329688 0.055469 0.115625 0.110937
