15 0.379297 0.139063 0.152344 0.215625
15 0.533203 0.163281 0.153906 0.232813
15 0.714063 0.361719 0.137500 0.192188
15 0.809375 0.478906 0.178125 0.142187
15 0.764844 0.624609 0.107813 0.171094
15 0.626953 0.652344 0.135156 0.192188
15 0.556641 0.322656 0.178906 0.204687
15 0.730859 0.758203 0.136719 0.113281
15 0.522656 0.758594 0.157812 0.185938
15 0.441797 0.880859 0.124219 0.114844
15 0.324609 0.776563 0.149219 0.137500
15 0.213281 0.520703 0.114062 0.222656
15 0.307422 0.398828 0.146094 0.200781
15 0.494922 0.473438 0.139844 0.115625
15 0.387891 0.459375 0.110156 0.203125
15 0.383984 0.619531 0.180469 0.139063
15 0.241016 0.626953 0.103906 0.175781
