15 0.329688 0.537500 0.140625 0.200000
15 0.556250 0.466016 0.134375 0.153906
15 0.723437 0.512500 0.131250 0.184375
15 0.630078 0.245312 0.110156 0.193750
15 0.437109 0.240625 0.133594 0.121875
15 0.193750 0.385937 0.125000 0.221875
15 0.080859 0.653906 0.149219 0.210938
15 0.135156 0.855859 0.101562 0.161719
15 0.246484 0.841406 0.139844 0.135937
15 0.713672 0.922266 0.161719 0.153906
15 0.883984 0.761719 0.149219 0.170313
15 0.815625 0.586719 0.096875 0.182812
15 0.491016 0.710156 0.138281 0.164062
15 0.393750 0.830469 0.128125 0.173437
15 0.326562 0.711328 0.106250 0.113281
15 0.171875 0.735938 0.190625 0.146875
15 0.483594 0.453125 0.110937 0.196875
