15 0.792188 0.593359 0.246875 0.246094
15 0.421094 0.545312 0.229687 0.196875
15 0.582812 0.702734 0.256250 0.186719
15 0.327344 0.673047 0.217188 0.192969
15 0.132031 0.624219 0.204687 0.142187
15 0.298438 0.486328 0.209375 0.169531
15 0.463672 0.216016 0.177344 0.191406
15 0.277344 0.306641 0.192188 0.200781
15 0.131641 0.498828 0.153906 0.128906
15 0.533594 0.354297 0.210938 0.202344
15 0.677344 0.466797 0.192188 0.164844
15 0.808984 0.348438 0.227344 0.118750
15 0.641406 0.280859 0.173437 0.142969
15 0.878906 0.476953 0.192188 0.153906
