15 0.169531 0.503516 0.120313 0.225781
15 0.203906 0.709766 0.142187 0.222656
15 0.320703 0.808984 0.147656 0.149219
15 0.339844 0.581250 0.195312 0.271875
15 0.321875 0.414062 0.187500 0.203125
15 0.440234 0.624219 0.121094 0.273438
15 0.583984 0.498047 0.186719 0.249219
15 0.517188 0.325781 0.193750 0.229687
15 0.669922 0.209766 0.205469 0.303906
15 0.793359 0.378516 0.171094 0.216406
15 0.829688 0.617969 0.146875 0.264062
15 0.698047 0.732422 0.146094 0.211719
15 0.574609 0.661719 0.152344 0.123438
