16 0.646094 0.698438 0.132812 0.540625
16 0.768359 0.717578 0.186719 0.488281
16 0.543359 0.576953 0.121094 0.557031
16 0.348047 0.500781 0.111719 0.292187
16 0.065234 0.706250 0.114844 0.318750
16 0.232422 0.332422 0.071094 0.221094
16 0.127344 0.430469 0.067187 0.148438
16 0.284375 0.322266 0.034375 0.141406
16 0.371484 0.295312 0.049219 0.150000
16 0.448828 0.339062 0.028906 0.087500
16 0.855469 0.358203 0.070312 0.266406
16 0.741797 0.410938 0.067969 0.228125
16 0.685156 0.385156 0.039062 0.120313
16 0.564063 0.284766 0.034375 0.100781
16 0.514062 0.292187 0.056250 0.131250
16 0.148438 0.203516 0.034375 0.141406
