16 0.269922 0.344141 0.083594 0.219531
16 0.428125 0.171875 0.193750 0.150000
16 0.462109 0.337891 0.139844 0.228906
16 0.477734 0.453125 0.102344 0.178125
16 0.606641 0.353125 0.203906 0.325000
16 0.655078 0.180078 0.203906 0.150781
16 0.658594 0.533984 0.170313 0.233594
16 0.319141 0.608984 0.075781 0.186719
16 0.425781 0.670703 0.089063 0.282031
16 0.489063 0.712109 0.131250 0.308594
16 0.597656 0.712891 0.229687 0.285156
16 0.728516 0.662891 0.063281 0.232031
16 0.788281 0.542188 0.098437 0.259375
