8 0.894141 0.457422 0.194531 0.421094
8 0.660156 0.459766 0.101562 0.253906
8 0.529687 0.310156 0.100000 0.314063
8 0.433984 0.282813 0.124219 0.306250
8 0.305469 0.412891 0.085938 0.269531
8 0.278125 0.823047 0.103125 0.342969
8 0.527734 0.839453 0.136719 0.185156
8 0.526953 0.552344 0.141406 0.495312
8 0.662891 0.167187 0.253906 0.318750
8 0.660156 0.088672 0.085938 0.177344
8 0.087500 0.412500 0.175000 0.325000
8 0.177344 0.779297 0.148438 0.139844
8 0.351953 0.711328 0.103906 0.282031
8 0.598047 0.707422 0.186719 0.177344
8 0.672656 0.844141 0.114062 0.203906
8 0.212500 0.085156 0.071875 0.170313
8 0.364063 0.139063 0.046875 0.278125
8 0.046094 0.193359 0.092188 0.117969
