8 0.441406 0.628906 0.085938 0.442188
8 0.262109 0.795312 0.042969 0.175000
8 0.203516 0.688281 0.044531 0.210938
8 0.299609 0.598828 0.086719 0.278906
8 0.664062 0.720703 0.112500 0.300781
8 0.603125 0.625781 0.121875 0.432812
8 0.543359 0.619141 0.080469 0.432031
8 0.182812 0.560547 0.059375 0.214844
8 0.057031 0.484766 0.048438 0.191406
8 0.195312 0.356641 0.128125 0.544531
8 0.764844 0.221875 0.089063 0.396875
8 0.892578 0.669531 0.132031 0.398438
8 0.939844 0.608984 0.120313 0.467969
8 0.876563 0.527734 0.131250 0.361719
8 0.820703 0.523047 0.078906 0.199219
8 0.597656 0.297266 0.070312 0.222656
8 0.531641 0.252734 0.107031 0.286719
8 0.413672 0.272266 0.077344 0.294531
8 0.343750 0.397656 0.084375 0.501563
