8 0.441406 0.372656 0.085938 0.442188
8 0.262109 0.206250 0.042969 0.175000
8 0.203516 0.313281 0.044531 0.210938
8 0.299609 0.401953 0.086719 0.278906
8 0.664062 0.280078 0.112500 0.300781
8 0.603125 0.374219 0.121875 0.432812
8 0.543359 0.381641 0.080469 0.432031
8 0.182812 0.440234 0.059375 0.214844
8 0.057031 0.516016 0.048438 0.191406
8 0.195312 0.642578 0.128125 0.544531
8 0.764844 0.778125 0.089063 0.396875
8 0.892578 0.330469 0.132031 0.398438
8 0.939844 0.391797 0.120313 0.467969
8 0.876563 0.471484 0.131250 0.361719
8 0.820703 0.476172 0.078906 0.199219
8 0.597656 0.701953 0.070312 0.222656
8 0.531641 0.746484 0.107031 0.286719
8 0.413672 0.726953 0.077344 0.294531
8 0.343750 0.603906 0.084375 0.501563
