11 0.689453 0.813281 0.135156 0.204687
11 0.491406 0.908203 0.154688 0.172656
11 0.323047 0.814844 0.099219 0.176563
11 0.158594 0.745313 0.092188 0.146875
11 0.250781 0.731250 0.092188 0.118750
11 0.126172 0.630078 0.108594 0.100781
11 0.341016 0.642969 0.100781 0.154688
11 0.481250 0.602734 0.140625 0.199219
11 0.623047 0.668359 0.149219 0.177344
11 0.956250 0.937500 0.087500 0.103125
11 0.934766 0.355859 0.128906 0.264844
11 0.808594 0.269531 0.164062 0.207813
11 0.926562 0.089453 0.146875 0.178906
11 0.629687 0.171484 0.106250 0.186719
11 0.515625 0.176953 0.068750 0.100781
11 0.413672 0.172656 0.071094 0.104688
11 0.364453 0.258594 0.085156 0.129688
11 0.382031 0.517188 0.076563 0.106250
11 0.262500 0.571875 0.131250 0.131250
11 0.268750 0.463672 0.112500 0.105469
