9 0.420703 0.422656 0.166406 0.329688
9 0.558203 0.413672 0.091406 0.230469
9 0.665625 0.355859 0.125000 0.252344
9 0.844141 0.250000 0.116406 0.234375
9 0.934766 0.391797 0.119531 0.192969
9 0.704688 0.530078 0.128125 0.144531
9 0.591797 0.553906 0.077344 0.204687
9 0.871875 0.596875 0.150000 0.159375
9 0.765625 0.683984 0.137500 0.274219
9 0.625781 0.845313 0.107813 0.309375
9 0.715625 0.811719 0.109375 0.276562
9 0.836719 0.849609 0.129688 0.299219
9 0.287891 0.727734 0.075781 0.242969
9 0.234375 0.681250 0.087500 0.240625
9 0.079687 0.580859 0.115625 0.317969
9 0.173047 0.674219 0.052344 0.257812
9 0.121484 0.831641 0.117969 0.307031
