10 0.636328 0.768359 0.232031 0.392969
10 0.866797 0.771875 0.264844 0.381250
10 0.127734 0.325000 0.071094 0.125000
10 0.040234 0.324609 0.080469 0.130469
10 0.218750 0.299609 0.056250 0.121094
10 0.185156 0.180859 0.073438 0.102344
10 0.053906 0.186719 0.070312 0.092188
10 0.124219 0.097266 0.067187 0.082031
10 0.395703 0.331250 0.135156 0.143750
10 0.574219 0.243750 0.079687 0.121875
10 0.568750 0.412109 0.078125 0.114844
10 0.683203 0.407031 0.082031 0.132812
10 0.690234 0.254297 0.096094 0.127344
10 0.691016 0.089453 0.075781 0.122656
10 0.577734 0.091797 0.074219 0.114844
10 0.960156 0.344922 0.079687 0.224219
10 0.957812 0.109375 0.084375 0.090625
10 0.804688 0.108203 0.103125 0.078906
10 0.785156 0.311328 0.067187 0.185156
