13 0.092188 0.456250 0.184375 0.287500
13 0.214062 0.840234 0.171875 0.236719
13 0.454297 0.852344 0.199219 0.229687
13 0.935937 0.789453 0.128125 0.235156
13 0.729688 0.544141 0.215625 0.297656
13 0.945312 0.435937 0.109375 0.218750
13 0.810156 0.226562 0.204687 0.253125
13 0.529297 0.342187 0.180469 0.262500
13 0.289453 0.300391 0.238281 0.247656
13 0.195703 0.067187 0.188281 0.134375
13 0.402344 0.081250 0.176563 0.162500
13 0.650391 0.086719 0.200781 0.173437
13 0.932031 0.056250 0.135937 0.112500
13 0.053906 0.217969 0.107813 0.173437
13 0.406250 0.562109 0.203125 0.233594
