10 0.448437 0.751953 0.893750 0.482031
10 0.246484 0.287500 0.489844 0.428125
10 0.705859 0.379688 0.086719 0.150000
10 0.865234 0.408984 0.074219 0.086719
10 0.787891 0.426953 0.063281 0.100781
10 0.545312 0.331250 0.068750 0.140625
10 0.636719 0.411328 0.045312 0.091406
10 0.957812 0.041406 0.068750 0.060937
10 0.858594 0.031641 0.064062 0.050781
10 0.773047 0.043750 0.067969 0.068750
10 0.582422 0.019922 0.061719 0.039844
10 0.686328 0.057422 0.053906 0.061719
10 0.765234 0.112109 0.052344 0.033594
10 0.840625 0.157031 0.043750 0.035937
10 0.932031 0.132422 0.045312 0.055469
