10 0.925391 0.296875 0.141406 0.350000
10 0.819531 0.514844 0.060937 0.451562
10 0.684375 0.791797 0.200000 0.346094
10 0.614062 0.803516 0.200000 0.366406
10 0.431250 0.761719 0.156250 0.476562
10 0.303125 0.747266 0.143750 0.278906
10 0.214062 0.787891 0.171875 0.422656
10 0.037500 0.287891 0.068750 0.353906
10 0.135547 0.221875 0.096094 0.371875
10 0.198828 0.232813 0.188281 0.456250
10 0.276172 0.283594 0.121094 0.395313
10 0.397656 0.299609 0.142187 0.308594
10 0.460938 0.410156 0.137500 0.401562
10 0.571875 0.359766 0.090625 0.503906
10 0.703516 0.308203 0.178906 0.569531
