13 0.614062 0.276172 0.300000 0.311719
13 0.354297 0.351172 0.261719 0.302344
13 0.607031 0.680859 0.229687 0.280469
13 0.877344 0.870313 0.176563 0.259375
13 0.940625 0.687500 0.118750 0.265625
13 0.348828 0.848437 0.241406 0.303125
13 0.334375 0.602344 0.240625 0.254688
13 0.053906 0.653516 0.107813 0.222656
13 0.145703 0.901172 0.169531 0.189844
13 0.172656 0.607812 0.120313 0.200000
13 0.643359 0.854297 0.149219 0.158594
13 0.442578 0.890625 0.266406 0.218750
13 0.662891 0.946484 0.150781 0.105469
