13 0.645312 0.723437 0.181250 0.165625
13 0.875781 0.633594 0.135937 0.170313
13 0.650391 0.552344 0.260156 0.176563
13 0.492578 0.670312 0.153906 0.187500
13 0.158203 0.825000 0.150781 0.181250
13 0.062500 0.597266 0.125000 0.235156
13 0.059375 0.396875 0.118750 0.153125
13 0.362891 0.369922 0.172656 0.161719
13 0.363281 0.539062 0.204687 0.240625
13 0.508594 0.442188 0.129688 0.171875
13 0.538672 0.272656 0.180469 0.185938
13 0.801953 0.429297 0.163281 0.227344
13 0.666797 0.389453 0.152344 0.191406
