15 0.601953 0.740625 0.160156 0.203125
15 0.444922 0.873828 0.164844 0.185156
15 0.288672 0.904687 0.136719 0.168750
15 0.378125 0.712109 0.165625 0.171094
15 0.235547 0.627344 0.108594 0.132812
15 0.297266 0.525781 0.122656 0.145313
15 0.669141 0.516406 0.225781 0.235937
15 0.774609 0.326953 0.186719 0.250781
15 0.942969 0.281641 0.114062 0.219531
15 0.555469 0.231250 0.229687 0.231250
15 0.501953 0.446484 0.116406 0.161719
15 0.409375 0.476562 0.128125 0.215625
15 0.295703 0.223828 0.182031 0.228906
15 0.264062 0.385937 0.156250 0.121875
