15 0.103125 0.451562 0.187500 0.196875
15 0.257031 0.253516 0.160938 0.116406
15 0.444922 0.300391 0.192969 0.182031
15 0.541797 0.103516 0.205469 0.169531
15 0.819141 0.332813 0.135156 0.190625
15 0.851172 0.500781 0.161719 0.185938
15 0.776953 0.737500 0.160156 0.159375
15 0.587500 0.692578 0.212500 0.197656
15 0.516406 0.841797 0.176563 0.152344
15 0.410156 0.812891 0.176563 0.203906
15 0.254297 0.770703 0.152344 0.172656
15 0.103125 0.642969 0.187500 0.189062
15 0.326172 0.648438 0.221094 0.096875
15 0.296875 0.492188 0.212500 0.200000
15 0.560937 0.425781 0.175000 0.142187
