15 0.735938 0.512109 0.203125 0.192969
15 0.631250 0.655469 0.225000 0.264062
15 0.502734 0.736328 0.105469 0.163281
15 0.343750 0.877344 0.118750 0.142187
15 0.473047 0.934766 0.130469 0.128906
15 0.485547 0.842187 0.127344 0.106250
15 0.401953 0.729297 0.110156 0.158594
15 0.468750 0.554297 0.125000 0.161719
15 0.588672 0.443750 0.152344 0.193750
15 0.487500 0.317578 0.153125 0.169531
15 0.337500 0.241016 0.146875 0.197656
15 0.326172 0.084766 0.105469 0.144531
15 0.227344 0.062109 0.107813 0.099219
15 0.145313 0.148438 0.118750 0.093750
15 0.148047 0.298438 0.111719 0.159375
15 0.162109 0.462891 0.171094 0.163281
15 0.284766 0.606250 0.216406 0.190625
15 0.110156 0.636719 0.107813 0.173437
