9 0.129297 0.313281 0.136719 0.610938
9 0.319922 0.155859 0.074219 0.242969
9 0.419141 0.387109 0.119531 0.661719
9 0.588281 0.246094 0.107813 0.357812
9 0.730469 0.159766 0.089063 0.260156
9 0.725391 0.276172 0.082031 0.324219
9 0.678125 0.431641 0.106250 0.563281
9 0.845703 0.583594 0.160156 0.807813
9 0.950000 0.625000 0.068750 0.243750
9 0.258203 0.216406 0.066406 0.214062
9 0.256250 0.440234 0.103125 0.377344
9 0.157422 0.697656 0.142969 0.442188
9 0.323047 0.525781 0.149219 0.676562
9 0.403125 0.820312 0.103125 0.190625
9 0.551172 0.605859 0.102344 0.267969
