9 0.869922 0.688281 0.136719 0.610938
9 0.680859 0.844922 0.074219 0.242969
9 0.580078 0.613672 0.119531 0.661719
9 0.413281 0.755469 0.107813 0.357812
9 0.271094 0.839453 0.089063 0.260156
9 0.275391 0.724609 0.082031 0.324219
9 0.321875 0.567578 0.106250 0.563281
9 0.153516 0.417969 0.160156 0.807813
9 0.050000 0.375000 0.068750 0.243750
9 0.742578 0.785156 0.066406 0.214062
9 0.745313 0.558984 0.103125 0.377344
9 0.843359 0.303906 0.142969 0.442188
9 0.676172 0.475781 0.149219 0.676562
9 0.598437 0.179688 0.103125 0.190625
9 0.448047 0.393359 0.102344 0.267969
